水准平差
	已知点数据
--------------------------------------------------------------------------------------------------
P96 248.197	P47 246.980
测站数：19
测段数：5
总距离：2264.6001
高程闭合差(mm)：50.4

	原始数据
--------------------------------------------------------------------------------------------------
测站          后视点         前视点         后距1(m)      前距1(m)      前距2(m)      后距2(m)      后尺中丝1(m)    前尺中丝1(m)    前尺中丝2(m)    后尺中丝2(m)    
1              P96            -1             59.1975        59.1216        59.1195        59.1958        0.6581         0.8432         0.8416         0.6564        
2              -1             -1             59.2505        59.1746        59.1726        59.2488        0.6596         0.8251         0.8235         0.6580        
3              -1             Q08            59.3032        59.2273        59.2253        59.3016        0.6611         0.8072         0.8057         0.6595        
4              Q08            -1             59.3554        59.2795        59.2776        59.3539        0.6625         0.7899         0.7885         0.6610        
5              -1             -1             59.4070        59.3311        59.3293        59.4055        0.6639         0.7734         0.7720         0.6624        
6              -1             -1             59.4579        59.3820        59.3802        59.4565        0.6651         0.7577         0.7564         0.6638        
7              -1             B42            59.5079        59.4320        59.4303        59.5066        0.6664         0.7430         0.7418         0.6651        
8              B42            -1             59.5570        59.4811        59.4794        59.5557        0.6675         0.7295         0.7284         0.6662        
9              -1             -1             59.6050        59.5291        59.5274        59.6037        0.6685         0.7174         0.7163         0.6673        
10             -1             -1             59.6517        59.5758        59.5743        59.6506        0.6694         0.7067         0.7056         0.6682        
11             -1             A44            59.6973        59.6214        59.6198        59.6961        0.6701         0.6975         0.6965         0.6690        
12             A44            -1             59.7414        59.6655        59.6640        59.7403        0.6707         0.6900         0.6890         0.6697        
13             -1             -1             59.7841        59.7082        59.7068        59.7831        0.6712         0.6842         0.6832         0.6702        
14             -1             -1             59.8254        59.7495        59.7481        59.8243        0.6715         0.6801         0.6792         0.6705        
15             -1             B78            59.8652        59.7893        59.7879        59.8641        0.6717         0.6779         0.6770         0.6707        
16             B78            -1             59.9035        59.8276        59.8261        59.9024        0.6718         0.6775         0.6766         0.6707        
17             -1             -1             59.9402        59.8643        59.8629        59.9392        0.6716         0.6790         0.6780         0.6706        
18             -1             -1             59.9755        59.8996        59.8981        59.9744        0.6714         0.6823         0.6813         0.6703        
19             -1             P47            60.0093        59.9334        59.9319        60.0082        0.6709         0.6873         0.6863         0.6699        

	预处理数据
--------------------------------------------------------------------------------------------------
测站          视距差1(m)     视距差2(m)     视距差(m)      累计视距差(m)    后视中丝差(m)    前视中丝差(m)    中丝差(m)      高差1(m)      高差2(m)      高差中数(m)     
1              0.076          0.076          0.076          0.076          0.0017         0.0016         0.0001         -0.1851        -0.1852        -0.1851       
2              0.076          0.076          0.076          0.152          0.0016         0.0016         0              -0.1655        -0.1655        -0.1655       
3              0.076          0.076          0.076          0.228          0.0016         0.0015         0.0001         -0.1461        -0.1462        -0.1462       
4              0.076          0.076          0.076          0.076          0.0015         0.0014         0.0001         -0.1274        -0.1275        -0.1274       
5              0.076          0.076          0.076          0.152          0.0015         0.0014         0.0001         -0.1095        -0.1096        -0.1096       
6              0.076          0.076          0.076          0.228          0.0013         0.0013         0              -0.0926        -0.0926        -0.0926       
7              0.076          0.076          0.076          0.304          0.0013         0.0012         0.0001         -0.0766        -0.0767        -0.0766       
8              0.076          0.076          0.076          0.076          0.0013         0.0011         0.0002         -0.062         -0.0622        -0.0621       
9              0.076          0.076          0.076          0.152          0.0012         0.0011         0.0001         -0.0489        -0.049         -0.049        
10             0.076          0.076          0.076          0.228          0.0012         0.0011         0.0001         -0.0373        -0.0374        -0.0374       
11             0.076          0.076          0.076          0.304          0.0011         0.001          0.0001         -0.0274        -0.0275        -0.0274       
12             0.076          0.076          0.076          0.076          0.001          0.001          0              -0.0193        -0.0193        -0.0193       
13             0.076          0.076          0.076          0.152          0.001          0.001          0              -0.013         -0.013         -0.013        
14             0.076          0.076          0.076          0.228          0.001          0.0009         0.0001         -0.0086        -0.0087        -0.0086       
15             0.076          0.076          0.076          0.304          0.001          0.0009         0.0001         -0.0062        -0.0063        -0.0062       
16             0.076          0.076          0.076          0.076          0.0011         0.0009         0.0002         -0.0057        -0.0059        -0.0058       
17             0.076          0.076          0.076          0.152          0.001          0.001          0              -0.0074        -0.0074        -0.0074       
18             0.076          0.076          0.076          0.228          0.0011         0.001          0.0001         -0.0109        -0.011         -0.011        
19             0.076          0.076          0.076          0.304          0.001          0.001          0              -0.0164        -0.0164        -0.0164       

	高程配赋数据
--------------------------------------------------------------------------------------------------
点名          平距(m)       高差(m)       改正数(mm)     改正后高差(m)    点高程(m)      
P96                                                                        248.197       
               355.269        -0.4968        -7.9067        -0.5047                      
Q08                                                                        247.6923      
               475.146        -0.4062        -10.5747       -0.4168                      
B42                                                                        247.2755      
               476.713        -0.1759        -10.6095       -0.1865                      
A44                                                                        247.089       
               478.124        -0.0471        -10.6409       -0.0577                      
B78                                                                        247.0313      
               479.348        -0.0406        -10.6682       -0.0513                      
P47                                                                        246.98        
                                                                                         
精度数据
--------------------------------------------------------------------------------------------------
单位权中误差： 
Mu = ±0.0304

待测点高程中误差：
Q08 = ±0.0166
B42 = ±0.0221
A44 = ±0.0226
B78 = ±0.0187
