规则格网体积计算
	基本信息
--------------------------------------------------------------------------------------------------
基准高程:9
单位网格边长:1
网格纵向个数:56
网格横向个数:26
单位网格总数:1456
总体积:3055.323
填方体积:0
挖方体积:3055.323

	凸包点信息
--------------------------------------------------------------------------------------------------
点号          X坐标         Y坐标         高程          
P28            3778.428       2845.174       10.354        
P05            3795.293       2853.8         10.115        
P04            3799.039       2856.23        10.102        
P03            3799.283       2864.64        9.977         
P02            3795.959       2868.952       9.615         
P12            3792.979       2870.191       9.554         
P11            3785.879       2870.586       9.528         
P51            3769.646       2870.663       10.22         
P35            3751.04        2864.182       10.537        
P34            3744.891       2859.717       11.13         
P33            3744.116       2853.723       10.773        
P32            3749.893       2848.263       10.633        
P31            3757.095       2846.279       10.65         
P29            3772.222       2845.423       10.604        
P28            3778.428       2845.174       10.354        
                                                           

	网格处理数据
--------------------------------------------------------------------------------------------------
编号          X坐标         Y坐标         高程          土方          
1,15           3759.116       2846.174       12.5212042727919 3.52120427279187
1,16           3760.116       2846.174       12.7292173297965 3.72921732979649
1,17           3761.116       2846.174       12.7686812140378 3.76868121403784
1,18           3762.116       2846.174       12.6216398484628 3.62163984846283
1,19           3763.116       2846.174       12.3312335225111 3.33123352251108
1,20           3764.116       2846.174       11.8289027937939 2.82890279379391
1,21           3765.116       2846.174       11.6670573800044 2.66705738000438
1,22           3766.116       2846.174       12.0186286394012 3.01862863940116
1,23           3767.116       2846.174       12.1920839306935 3.19208393069355
1,24           3768.116       2846.174       12.1687193569961 3.16871935699612
1,25           3769.116       2846.174       12.080181859413 3.08018185941304
1,26           3770.116       2846.174       11.9137208664462 2.91372086644617
1,27           3771.116       2846.174       11.5986218639043 2.59862186390428
1,28           3772.116       2846.174       11.3207786611892 2.3207786611892
1,29           3773.116       2846.174       11.3217698446888 2.32176984468884
1,30           3774.116       2846.174       11.369499076599 2.36949907659898
1,31           3775.116       2846.174       11.2959090992571 2.29590909925713
1,32           3776.116       2846.174       11.1033304901893 2.10333049018932
1,33           3777.116       2846.174       10.9130991526153 1.91309915261532
1,34           3778.116       2846.174       10.8145837386501 1.81458373865007
1,35           3779.116       2846.174       10.7501830963323 1.75018309633235
1,36           3780.116       2846.174       10.6850404237533 1.68504042375329
2,10           3754.116       2847.174       12.3289398357964 3.32893983579635
2,11           3755.116       2847.174       12.3959718947767 3.39597189477675
2,12           3756.116       2847.174       12.215416266162 3.21541626616205
2,13           3757.116       2847.174       12.0616104626322 3.06161046263222
2,14           3758.116       2847.174       12.2882519042067 3.28825190420674
2,15           3759.116       2847.174       12.6384747210218 3.63847472102177
2,16           3760.116       2847.174       12.8406612455646 3.84066124556458
2,17           3761.116       2847.174       12.9032439939102 3.90324399391019
2,18           3762.116       2847.174       12.8056681910473 3.8056681910473
2,19           3763.116       2847.174       12.5766880816025 3.57668808160248
2,20           3764.116       2847.174       12.2475614621304 3.24756146213044
2,21           3765.116       2847.174       12.0729123837796 3.07291238377961
2,22           3766.116       2847.174       12.2041821058594 3.20418210585943
2,23           3767.116       2847.174       12.2784890554236 3.27848905542358
2,24           3768.116       2847.174       12.2425923283886 3.24259232838858
2,25           3769.116       2847.174       12.1544760370169 3.15447603701693
2,26           3770.116       2847.174       12.0092464769058 3.00924647690575
2,27           3771.116       2847.174       11.7969941802637 2.79699418026369
2,28           3772.116       2847.174       11.5648406689376 2.56484066893756
2,29           3773.116       2847.174       11.4656383319901 2.46563833199006
2,30           3774.116       2847.174       11.4227485958662 2.42274859586621
2,31           3775.116       2847.174       11.3477368295656 2.34773682956561
2,32           3776.116       2847.174       11.217693646584 2.21769364658402
2,33           3777.116       2847.174       11.0688796689839 2.06887966898388
2,34           3778.116       2847.174       10.9499943502392 1.94999435023916
2,35           3779.116       2847.174       10.847716154831 1.847716154831
2,36           3780.116       2847.174       10.6807285893844 1.68072858938437
2,37           3781.116       2847.174       10.6156160556742 1.61561605567424
2,38           3782.116       2847.174       10.6105025028715 1.61050250287147
3,7            3751.116       2848.174       11.7680986174573 2.76809861745727
3,8            3752.116       2848.174       12.1019288874763 3.10192888747628
3,9            3753.116       2848.174       12.2803233033183 3.28032330331829
3,10           3754.116       2848.174       12.4453447800368 3.44534478003678
3,11           3755.116       2848.174       12.5418082863084 3.54180828630838
3,12           3756.116       2848.174       12.5270797403635 3.52707974036346
3,13           3757.116       2848.174       12.5360772541593 3.53607725415935
3,14           3758.116       2848.174       12.6583206862964 3.65832068629641
3,15           3759.116       2848.174       12.8334230725905 3.83342307259053
3,16           3760.116       2848.174       12.9922130270863 3.99221302708629
3,17           3761.116       2848.174       13.0733022527249 4.07330225272491
3,18           3762.116       2848.174       13.0008935334312 4.00089353343122
3,19           3763.116       2848.174       12.8203927747692 3.82039277476922
3,20           3764.116       2848.174       12.5920541540255 3.59205415402553
3,21           3765.116       2848.174       12.4110477077166 3.41104770771662
3,22           3766.116       2848.174       12.4007377447529 3.40073774475288
3,23           3767.116       2848.174       12.416470655069 3.41647065506896
3,24           3768.116       2848.174       12.3740930180827 3.37409301808272
3,25           3769.116       2848.174       12.2742755261092 3.27427552610922
3,26           3770.116       2848.174       12.1205261243277 3.12052612432769
3,27           3771.116       2848.174       11.9431411691977 2.94314116919771
3,28           3772.116       2848.174       11.7170044572093 2.71700445720926
3,29           3773.116       2848.174       11.5509538336278 2.55095383362783
3,30           3774.116       2848.174       11.4591976008904 2.45919760089045
3,31           3775.116       2848.174       11.372643583039 2.37264358303895
3,32           3776.116       2848.174       11.3061165875696 2.30611658756963
3,33           3777.116       2848.174       11.1796926049358 2.1796926049358
3,34           3778.116       2848.174       11.0243441692078 2.02434416920777
3,35           3779.116       2848.174       10.90322249942 1.90322249942001
3,36           3780.116       2848.174       10.7547449655256 1.75474496552559
3,37           3781.116       2848.174       10.6872079223133 1.68720792231327
3,38           3782.116       2848.174       10.7158227968647 1.71582279686466
3,39           3783.116       2848.174       10.6530417450698 1.6530417450698
3,40           3784.116       2848.174       10.5949614812992 1.59496148129919
4,5            3749.116       2849.174       11.6284795479124 2.62847954791243
4,6            3750.116       2849.174       11.6176676795496 2.61766767954962
4,7            3751.116       2849.174       11.8993895579432 2.8993895579432
4,8            3752.116       2849.174       12.1559347756202 3.1559347756202
4,9            3753.116       2849.174       12.3687828192288 3.36878281922876
4,10           3754.116       2849.174       12.5827915931998 3.58279159319978
4,11           3755.116       2849.174       12.6972231051462 3.69722310514623
4,12           3756.116       2849.174       12.7013340350445 3.70133403504445
4,13           3757.116       2849.174       12.7249917211903 3.72499172119031
4,14           3758.116       2849.174       12.8128605205676 3.81286052056763
4,15           3759.116       2849.174       12.9239490691503 3.92394906915026
4,16           3760.116       2849.174       13.0695774464703 4.06957744647033
4,17           3761.116       2849.174       13.1945137380427 4.1945137380427
4,18           3762.116       2849.174       13.1672389577098 4.1672389577098
4,19           3763.116       2849.174       12.9749867816983 3.97498678169829
4,20           3764.116       2849.174       12.766063937222 3.76606393722203
4,21           3765.116       2849.174       12.638220315244 3.63822031524404
4,22           3766.116       2849.174       12.583924856275 3.58392485627503
4,23           3767.116       2849.174       12.5670326583168 3.56703265831683
4,24           3768.116       2849.174       12.5179858381081 3.51798583810809
4,25           3769.116       2849.174       12.3832429537252 3.38324295372523
4,26           3770.116       2849.174       12.2000766219935 3.20007662199349
4,27           3771.116       2849.174       12.025415105454 3.02541510545402
4,28           3772.116       2849.174       11.8513564593457 2.85135645934567
4,29           3773.116       2849.174       11.6516590384846 2.65165903848457
4,30           3774.116       2849.174       11.4936395062745 2.49363950627451
4,31           3775.116       2849.174       11.4089299883102 2.40892998831024
4,32           3776.116       2849.174       11.3380566496059 2.33805664960587
4,33           3777.116       2849.174       11.2334449187881 2.23344491878807
4,34           3778.116       2849.174       11.102002624908 2.10200262490798
4,35           3779.116       2849.174       10.9826018252528 1.98260182525277
4,36           3780.116       2849.174       10.8907771463565 1.89077714635653
4,37           3781.116       2849.174       10.78153616387 1.78153616387003
4,38           3782.116       2849.174       10.7445363176669 1.74453631766687
4,39           3783.116       2849.174       10.7340571409963 1.73405714099628
4,40           3784.116       2849.174       10.6748462200775 1.67484622007754
4,41           3785.116       2849.174       10.6997951034365 1.69979510343653
4,42           3786.116       2849.174       10.7619580938881 1.7619580938881
5,4            3748.116       2850.174       11.8495653878358 2.84956538783575
5,5            3749.116       2850.174       11.8163783604419 2.81637836044194
5,6            3750.116       2850.174       11.9266998908998 2.92669989089977
5,7            3751.116       2850.174       12.1276979681498 3.12769796814979
5,8            3752.116       2850.174       12.293904436719 3.29390443671903
5,9            3753.116       2850.174       12.492886582782 3.49288658278202
5,10           3754.116       2850.174       12.6829036050333 3.68290360503332
5,11           3755.116       2850.174       12.7986275093528 3.7986275093528
5,12           3756.116       2850.174       12.8168146145301 3.81681461453005
5,13           3757.116       2850.174       12.8139468290331 3.81394682903306
5,14           3758.116       2850.174       12.8829763350186 3.88297633501862
5,15           3759.116       2850.174       12.9693290451876 3.96932904518757
5,16           3760.116       2850.174       13.0721366609007 4.07213666090068
5,17           3761.116       2850.174       13.1879387114011 4.18793871140113
5,18           3762.116       2850.174       13.1753522444184 4.1753522444184
5,19           3763.116       2850.174       13.0249934302476 4.02499343024763
5,20           3764.116       2850.174       12.8805684609435 3.88056846094346
5,21           3765.116       2850.174       12.8080054037854 3.80800540378541
5,22           3766.116       2850.174       12.7808780795569 3.78087807955693
5,23           3767.116       2850.174       12.7446966242905 3.74469662429053
5,24           3768.116       2850.174       12.6043925422682 3.60439254226821
5,25           3769.116       2850.174       12.3999905933838 3.39999059338379
5,26           3770.116       2850.174       12.2236571406567 3.22365714065668
5,27           3771.116       2850.174       12.0778006167186 3.07780061671862
5,28           3772.116       2850.174       11.9590851564565 2.95908515645654
5,29           3773.116       2850.174       11.7586905644864 2.75869056448637
5,30           3774.116       2850.174       11.5816898604812 2.58168986048116
5,31           3775.116       2850.174       11.5003860699999 2.50038606999985
5,32           3776.116       2850.174       11.4079292665581 2.40792926655809
5,33           3777.116       2850.174       11.3198369751472 2.31983697514719
5,34           3778.116       2850.174       11.1838621441205 2.18386214412054
5,35           3779.116       2850.174       11.0456238684518 2.0456238684518
5,36           3780.116       2850.174       10.9566871911084 1.95668719110838
5,37           3781.116       2850.174       10.7520713929037 1.75207139290371
5,38           3782.116       2850.174       10.6786837972928 1.67868379729277
5,39           3783.116       2850.174       10.797034526395 1.79703452639496
5,40           3784.116       2850.174       10.7863751857207 1.78637518572073
5,41           3785.116       2850.174       10.804460156336 1.80446015633601
5,42           3786.116       2850.174       10.876852615962 1.87685261596197
5,43           3787.116       2850.174       10.9164697703905 1.91646977039052
5,44           3788.116       2850.174       10.9663830840194 1.96638308401937
6,3            3747.116       2851.174       11.8761042800677 2.87610428006766
6,4            3748.116       2851.174       11.7413321392262 2.74133213922615
6,5            3749.116       2851.174       11.7866481942181 2.78664819421809
6,6            3750.116       2851.174       12.0412903685588 3.04129036855876
6,7            3751.116       2851.174       12.2451182386523 3.24511823865229
6,8            3752.116       2851.174       12.4172492093733 3.41724920937332
6,9            3753.116       2851.174       12.6223540004064 3.62235400040635
6,10           3754.116       2851.174       12.7619798886592 3.76197988865922
6,11           3755.116       2851.174       12.8477227307668 3.84772273076682
6,12           3756.116       2851.174       12.9277484131279 3.92774841312788
6,13           3757.116       2851.174       12.9464557611542 3.9464557611542
6,14           3758.116       2851.174       12.988706184449 3.98870618444903
6,15           3759.116       2851.174       13.0496855173331 4.04968551733309
6,16           3760.116       2851.174       13.1199892376614 4.11998923766144
6,17           3761.116       2851.174       13.1868771178746 4.18687711787459
6,18           3762.116       2851.174       13.1577206300179 4.15772063001787
6,19           3763.116       2851.174       13.0978059357657 4.09780593576566
6,20           3764.116       2851.174       13.0428550746105 4.04285507461054
6,21           3765.116       2851.174       12.9706029056376 3.97060290563758
6,22           3766.116       2851.174       12.9376049927317 3.93760499273172
6,23           3767.116       2851.174       12.896041343058 3.89604134305796
6,24           3768.116       2851.174       12.7200794677429 3.72007946774288
6,25           3769.116       2851.174       12.4984974162289 3.49849741622891
6,26           3770.116       2851.174       12.3187025231316 3.31870252313163
6,27           3771.116       2851.174       12.164913413054 3.16491341305398
6,28           3772.116       2851.174       12.032204483393 3.03220448339301
6,29           3773.116       2851.174       11.8662745709675 2.86627457096747
6,30           3774.116       2851.174       11.6945426273799 2.69454262737992
6,31           3775.116       2851.174       11.5724482666795 2.57244826667947
6,32           3776.116       2851.174       11.4663609958904 2.46636099589035
6,33           3777.116       2851.174       11.3661236867697 2.36612368676971
6,34           3778.116       2851.174       11.2146386288702 2.2146386288702
6,35           3779.116       2851.174       11.0874236253625 2.08742362536255
6,36           3780.116       2851.174       11.0202780584877 2.02027805848771
6,37           3781.116       2851.174       10.8532370145027 1.85323701450268
6,38           3782.116       2851.174       10.766172895459 1.76617289545904
6,39           3783.116       2851.174       10.8478637571844 1.84786375718439
6,40           3784.116       2851.174       10.8250373457233 1.82503734572334
6,41           3785.116       2851.174       10.8062803090241 1.8062803090241
6,42           3786.116       2851.174       10.8908449282499 1.89084492824995
6,43           3787.116       2851.174       10.9515617427875 1.9515617427875
6,44           3788.116       2851.174       10.9894004014029 1.98940040140289
6,45           3789.116       2851.174       11.0052685155666 2.0052685155666
6,46           3790.116       2851.174       11.0284102702167 2.02841027021667
7,2            3746.116       2852.174       11.8886337551861 2.88863375518606
7,3            3747.116       2852.174       11.9102443565571 2.91024435655706
7,4            3748.116       2852.174       11.7630439143837 2.7630439143837
7,5            3749.116       2852.174       11.8453327535863 2.84533275358628
7,6            3750.116       2852.174       12.1498950766176 3.14989507661755
7,7            3751.116       2852.174       12.3497774805946 3.34977748059464
7,8            3752.116       2852.174       12.5250740061842 3.52507400618425
7,9            3753.116       2852.174       12.71770451404 3.71770451404004
7,10           3754.116       2852.174       12.8381840361722 3.83818403617223
7,11           3755.116       2852.174       12.9374631564358 3.93746315643579
7,12           3756.116       2852.174       13.0407030725011 4.04070307250113
7,13           3757.116       2852.174       13.0791702830715 4.07917028307155
7,14           3758.116       2852.174       13.0936588180226 4.09365881802258
7,15           3759.116       2852.174       13.13574903602 4.13574903601997
7,16           3760.116       2852.174       13.2442548027861 4.24425480278613
7,17           3761.116       2852.174       13.2948981592635 4.29489815926353
7,18           3762.116       2852.174       13.281058912187 4.28105891218701
7,19           3763.116       2852.174       13.313952205258 4.31395220525805
7,20           3764.116       2852.174       13.3155226844757 4.31552268447575
7,21           3765.116       2852.174       13.2113570236817 4.21135702368171
7,22           3766.116       2852.174       13.1202019259367 4.12020192593667
7,23           3767.116       2852.174       13.0654592546193 4.06545925461931
7,24           3768.116       2852.174       12.9357513151952 3.93575131519516
7,25           3769.116       2852.174       12.7382880724219 3.73828807242191
7,26           3770.116       2852.174       12.505399529384 3.50539952938399
7,27           3771.116       2852.174       12.2920093026482 3.29200930264823
7,28           3772.116       2852.174       12.1142502600774 3.11425026007738
7,29           3773.116       2852.174       11.9550127710155 2.95501277101552
7,30           3774.116       2852.174       11.7542661770061 2.7542661770061
7,31           3775.116       2852.174       11.5930669245747 2.59306692457469
7,32           3776.116       2852.174       11.4901507183906 2.49015071839064
7,33           3777.116       2852.174       11.3915476204571 2.39154762045715
7,34           3778.116       2852.174       11.2609881165672 2.26098811656716
7,35           3779.116       2852.174       11.1413884763557 2.14138847635571
7,36           3780.116       2852.174       11.0773516270471 2.07735162704713
7,37           3781.116       2852.174       11.0210960925849 2.02109609258492
7,38           3782.116       2852.174       10.9514095286829 1.95140952868288
7,39           3783.116       2852.174       10.9122745386074 1.91227453860741
7,40           3784.116       2852.174       10.7427890605429 1.74278906054288
7,41           3785.116       2852.174       10.6926643988524 1.69266439885235
7,42           3786.116       2852.174       10.8702312366124 1.87023123661243
7,43           3787.116       2852.174       10.9505792677984 1.95057926779838
7,44           3788.116       2852.174       10.9728664890173 1.9728664890173
7,45           3789.116       2852.174       10.9641191725261 1.96411917252608
7,46           3790.116       2852.174       11.0008050392499 2.00080503924986
7,47           3791.116       2852.174       11.0623802150772 2.06238021507724
8,1            3745.116       2853.174       11.6534488245574 2.65344882455736
8,2            3746.116       2853.174       11.940974886727 2.94097488672701
8,3            3747.116       2853.174       12.062766288045 3.06276628804505
8,4            3748.116       2853.174       12.0588716028245 3.0588716028245
8,5            3749.116       2853.174       12.1795673106553 3.17956731065529
8,6            3750.116       2853.174       12.3777319273552 3.37773192735522
8,7            3751.116       2853.174       12.5073906534963 3.50739065349628
8,8            3752.116       2853.174       12.6542730658216 3.65427306582161
8,9            3753.116       2853.174       12.8063608470352 3.80636084703517
8,10           3754.116       2853.174       12.9050733696037 3.90507336960373
8,11           3755.116       2853.174       13.0249899561551 4.0249899561551
8,12           3756.116       2853.174       13.1650627120932 4.16506271209316
8,13           3757.116       2853.174       13.2587278424532 4.25872784245316
8,14           3758.116       2853.174       13.2825818290587 4.28258182905865
8,15           3759.116       2853.174       13.29633742291 4.29633742291004
8,16           3760.116       2853.174       13.3965292016176 4.39652920161759
8,17           3761.116       2853.174       13.4670458314653 4.46704583146533
8,18           3762.116       2853.174       13.4899523546742 4.48995235467418
8,19           3763.116       2853.174       13.541792591428 4.54179259142804
8,20           3764.116       2853.174       13.5471792196315 4.54717921963153
8,21           3765.116       2853.174       13.4880420791933 4.48804207919331
8,22           3766.116       2853.174       13.4197433927182 4.41974339271823
8,23           3767.116       2853.174       13.3676032095811 4.3676032095811
8,24           3768.116       2853.174       13.2563459464196 4.25634594641964
8,25           3769.116       2853.174       13.0274053249386 4.0274053249386
8,26           3770.116       2853.174       12.7219400175341 3.72194001753412
8,27           3771.116       2853.174       12.4297739048262 3.4297739048262
8,28           3772.116       2853.174       12.2013519251298 3.20135192512978
8,29           3773.116       2853.174       12.0018751543198 3.00187515431977
8,30           3774.116       2853.174       11.7646246364434 2.76462463644341
8,31           3775.116       2853.174       11.5804207735807 2.58042077358066
8,32           3776.116       2853.174       11.4913512794944 2.49135127949437
8,33           3777.116       2853.174       11.4015349540699 2.40153495406987
8,34           3778.116       2853.174       11.2971457540274 2.29714575402744
8,35           3779.116       2853.174       11.177757282028 2.17775728202798
8,36           3780.116       2853.174       11.0892201147064 2.08922011470636
8,37           3781.116       2853.174       11.0794554149263 2.0794554149263
8,38           3782.116       2853.174       11.0442079246616 2.04420792466161
8,39           3783.116       2853.174       10.972547542457 1.97254754245699
8,40           3784.116       2853.174       10.8105957749816 1.81059577498158
8,41           3785.116       2853.174       10.7572543462322 1.75725434623216
8,42           3786.116       2853.174       10.8857859788752 1.88578597887522
8,43           3787.116       2853.174       10.9478598690365 1.94785986903648
8,44           3788.116       2853.174       10.929194224102 1.92919422410204
8,45           3789.116       2853.174       10.8511872744538 1.85118727445381
8,46           3790.116       2853.174       10.9063983293002 1.90639832930023
8,47           3791.116       2853.174       11.0399617322735 2.03996173227349
8,48           3792.116       2853.174       11.0844491810926 2.08444918109264
8,49           3793.116       2853.174       11.0595515212754 2.05955152127542
9,1            3745.116       2854.174       11.7095564236336 2.70955642363356
9,2            3746.116       2854.174       12.0413007678054 3.04130076780539
9,3            3747.116       2854.174       12.2519009138895 3.25190091388947
9,4            3748.116       2854.174       12.3790591559087 3.37905915590872
9,5            3749.116       2854.174       12.54386522388 3.54386522387998
9,6            3750.116       2854.174       12.6699105564004 3.66991055640044
9,7            3751.116       2854.174       12.6882520176437 3.68825201764368
9,8            3752.116       2854.174       12.7669760630735 3.76697606307354
9,9            3753.116       2854.174       12.8789802842919 3.87898028429193
9,10           3754.116       2854.174       12.9548342733473 3.9548342733473
9,11           3755.116       2854.174       13.1032724465968 4.10327244659685
9,12           3756.116       2854.174       13.3358864285598 4.33588642855985
9,13           3757.116       2854.174       13.5572015819135 4.55720158191346
9,14           3758.116       2854.174       13.6223668336758 4.62236683367576
9,15           3759.116       2854.174       13.5494787535574 4.54947875355737
9,16           3760.116       2854.174       13.5547595689732 4.55475956897324
9,17           3761.116       2854.174       13.7034642445303 4.70346424453031
9,18           3762.116       2854.174       13.8846468993159 4.88464689931587
9,19           3763.116       2854.174       13.8574449984063 4.85744499840631
9,20           3764.116       2854.174       13.7523132920839 4.75231329208389
9,21           3765.116       2854.174       13.9395813354987 4.93958133549872
9,22           3766.116       2854.174       13.9701333430171 4.97013334301709
9,23           3767.116       2854.174       13.7869865600801 4.78698656008015
9,24           3768.116       2854.174       13.8085704072071 4.80857040720707
9,25           3769.116       2854.174       13.4896827118879 4.48968271188787
9,26           3770.116       2854.174       12.8964810947832 3.89648109478321
9,27           3771.116       2854.174       12.5219010671886 3.52190106718864
9,28           3772.116       2854.174       12.2380010670087 3.23800106700869
9,29           3773.116       2854.174       11.9957671844287 2.99576718442868
9,30           3774.116       2854.174       11.7395982702164 2.73959827021641
9,31           3775.116       2854.174       11.542145626894 2.54214562689395
9,32           3776.116       2854.174       11.4484060112721 2.44840601127213
9,33           3777.116       2854.174       11.3637965595718 2.36379655957185
9,34           3778.116       2854.174       11.2868567590111 2.28685675901115
9,35           3779.116       2854.174       11.1754990762288 2.17549907622879
9,36           3780.116       2854.174       11.0579417841895 2.05794178418954
9,37           3781.116       2854.174       11.0547834951561 2.0547834951561
9,38           3782.116       2854.174       11.0452122468281 2.04521224682815
9,39           3783.116       2854.174       10.9876773177156 1.98767731771561
9,40           3784.116       2854.174       10.9758413424783 1.97584134247828
9,41           3785.116       2854.174       10.9378974791188 1.93789747911882
9,42           3786.116       2854.174       10.9255443300366 1.92554433003662
9,43           3787.116       2854.174       10.9596753474151 1.95967534741512
9,44           3788.116       2854.174       10.9232285568711 1.92322855687106
9,45           3789.116       2854.174       10.847319638287 1.84731963828697
9,46           3790.116       2854.174       10.9097818254081 1.9097818254081
9,47           3791.116       2854.174       11.0403402441469 2.0403402441469
9,48           3792.116       2854.174       11.0911642042378 2.09116420423783
9,49           3793.116       2854.174       11.0703901829395 2.07039018293949
9,50           3794.116       2854.174       10.9336712562565 1.93367125625649
9,51           3795.116       2854.174       10.7812049003592 1.78120490035919
10,1           3745.116       2855.174       11.9276144559838 2.92761445598382
10,2           3746.116       2855.174       12.1798149095625 3.17981490956247
10,3           3747.116       2855.174       12.4509935638672 3.45099356386722
10,4           3748.116       2855.174       12.7244055519116 3.72440555191161
10,5           3749.116       2855.174       12.9076837015517 3.90768370155173
10,6           3750.116       2855.174       12.9665495394636 3.96654953946363
10,7           3751.116       2855.174       12.8927749205937 3.89277492059373
10,8           3752.116       2855.174       12.844901772621 3.84490177262101
10,9           3753.116       2855.174       12.9055886409037 3.90558864090372
10,10          3754.116       2855.174       12.9930892880141 3.99308928801408
10,11          3755.116       2855.174       13.1846388038897 4.18463880388972
10,12          3756.116       2855.174       13.4975393132388 4.49753931323876
10,13          3757.116       2855.174       14.1606604293809 5.16066042938086
10,14          3758.116       2855.174       14.3269942802706 5.32699428027061
10,15          3759.116       2855.174       13.8243455895589 4.82434558955887
10,16          3760.116       2855.174       13.626053781266 4.62605378126603
10,17          3761.116       2855.174       13.7977564758616 4.79775647586162
10,18          3762.116       2855.174       14.0926486477396 5.09264864773956
10,19          3763.116       2855.174       13.979679664313 4.97967966431302
10,20          3764.116       2855.174       13.7882862882409 4.78828628824087
10,21          3765.116       2855.174       14.1106468037644 5.11064680376442
10,22          3766.116       2855.174       14.1823466436392 5.18234664363917
10,23          3767.116       2855.174       13.9328345267058 4.93283452670579
10,24          3768.116       2855.174       13.9999457557711 4.99994575577107
10,25          3769.116       2855.174       13.662760408154 4.66276040815397
10,26          3770.116       2855.174       12.965462860207 3.96546286020702
10,27          3771.116       2855.174       12.5301939062759 3.53019390627592
10,28          3772.116       2855.174       12.204235476733 3.20423547673304
10,29          3773.116       2855.174       11.9365727028058 2.93657270280585
10,30          3774.116       2855.174       11.6767527458448 2.67675274584483
10,31          3775.116       2855.174       11.4851819011518 2.48518190115175
10,32          3776.116       2855.174       11.3802629529654 2.38026295296543
10,33          3777.116       2855.174       11.3015422621764 2.30154226217641
10,34          3778.116       2855.174       11.2552351169383 2.25523511693831
10,35          3779.116       2855.174       11.1472910048911 2.14729100489113
10,36          3780.116       2855.174       10.9607336558337 1.96073365583369
10,37          3781.116       2855.174       10.9165559143696 1.9165559143696
10,38          3782.116       2855.174       10.9705432358185 1.9705432358185
10,39          3783.116       2855.174       10.9757305496221 1.97573054962211
10,40          3784.116       2855.174       10.9870034687658 1.98700346876578
10,41          3785.116       2855.174       10.9486648189368 1.94866481893681
10,42          3786.116       2855.174       10.9251143645348 1.92511436453483
10,43          3787.116       2855.174       10.9787822376126 1.97878223761255
10,44          3788.116       2855.174       11.0010851104496 2.00108511044956
10,45          3789.116       2855.174       11.0054749090794 2.00547490907935
10,46          3790.116       2855.174       11.0480494742088 2.04804947420882
10,47          3791.116       2855.174       11.1030858715099 2.10308587150987
10,48          3792.116       2855.174       11.1443294564055 2.14432945640551
10,49          3793.116       2855.174       11.1520881854981 2.15208818549806
10,50          3794.116       2855.174       11.0838937911591 2.08389379115906
10,51          3795.116       2855.174       10.996544232229 1.99654423222896
10,52          3796.116       2855.174       10.9764543640731 1.97645436407305
10,53          3797.116       2855.174       10.9840690935523 1.98406909355226
11,1           3745.116       2856.174       12.0539371796775 3.05393717967747
11,2           3746.116       2856.174       12.2728950482638 3.27289504826377
11,3           3747.116       2856.174       12.5980103057015 3.59801030570154
11,4           3748.116       2856.174       13.0739878081717 4.07398780817167
11,5           3749.116       2856.174       13.2688626212795 4.26886262127949
11,6           3750.116       2856.174       13.1366687034211 4.13666870342109
11,7           3751.116       2856.174       13.0062434578832 4.0062434578832
11,8           3752.116       2856.174       12.8892981654151 3.88929816541512
11,9           3753.116       2856.174       12.906686659246 3.90668665924601
11,10          3754.116       2856.174       13.0019316541268 4.00193165412682
11,11          3755.116       2856.174       13.1710434298957 4.17104342989567
11,12          3756.116       2856.174       13.4738039359705 4.47380393597054
11,13          3757.116       2856.174       14.2016263342266 5.20162633422663
11,14          3758.116       2856.174       14.3940680133901 5.39406801339012
11,15          3759.116       2856.174       13.8512257701399 4.85122577013992
11,16          3760.116       2856.174       13.5625281063649 4.56252810636491
11,17          3761.116       2856.174       13.5930461659254 4.59304616592543
11,18          3762.116       2856.174       13.7479212499157 4.74792124991567
11,19          3763.116       2856.174       13.6573745049473 4.65737450494732
11,20          3764.116       2856.174       13.5526634948036 4.55266349480358
11,21          3765.116       2856.174       13.7145176377397 4.71451763773967
11,22          3766.116       2856.174       13.7810265276402 4.78102652764016
11,23          3767.116       2856.174       13.7037731886448 4.7037731886448
11,24          3768.116       2856.174       13.9789269061775 4.97892690617748
11,25          3769.116       2856.174       13.7168323954273 4.7168323954273
11,26          3770.116       2856.174       12.9028359778174 3.90283597781743
11,27          3771.116       2856.174       12.4425815468209 3.44258154682094
11,28          3772.116       2856.174       12.1207178519971 3.1207178519971
11,29          3773.116       2856.174       11.8652380513473 2.86523805134731
11,30          3774.116       2856.174       11.6084646537812 2.6084646537812
11,31          3775.116       2856.174       11.4123420490559 2.41234204905588
11,32          3776.116       2856.174       11.3010431435603 2.30104314356029
11,33          3777.116       2856.174       11.2313689655108 2.23136896551082
11,34          3778.116       2856.174       11.2072111640238 2.20721116402376
11,35          3779.116       2856.174       11.1214242029528 2.12142420295283
11,36          3780.116       2856.174       10.9528906395656 1.95289063956562
11,37          3781.116       2856.174       10.9124385510881 1.91243855108805
11,38          3782.116       2856.174       10.9680082532926 1.96800825329261
11,39          3783.116       2856.174       10.9803162592616 1.98031625926159
11,40          3784.116       2856.174       10.9528652302795 1.95286523027947
11,41          3785.116       2856.174       10.9022929427198 1.90229294271982
11,42          3786.116       2856.174       10.9237011262478 1.92370112624783
11,43          3787.116       2856.174       11.0299010188842 2.02990101888423
11,44          3788.116       2856.174       11.1284144691434 2.12841446914342
11,45          3789.116       2856.174       11.1802241392099 2.18022413920989
11,46          3790.116       2856.174       11.1911232827413 2.19112328274129
11,47          3791.116       2856.174       11.2006897358062 2.20068973580624
11,48          3792.116       2856.174       11.2299782516043 2.2299782516043
11,49          3793.116       2856.174       11.2586875084465 2.25868750844653
11,50          3794.116       2856.174       11.2537958830295 2.25379588302948
11,51          3795.116       2856.174       11.1975675288579 2.19756752885786
11,52          3796.116       2856.174       11.1211693121413 2.12116931214128
11,53          3797.116       2856.174       11.0479597108745 2.04795971087452
11,54          3798.116       2856.174       10.8777796068186 1.87777960681856
12,1           3745.116       2857.174       12.0574246165697 3.05742461656974
12,2           3746.116       2857.174       12.2623423252853 3.26234232528535
12,3           3747.116       2857.174       12.5798949082006 3.57989490820062
12,4           3748.116       2857.174       12.9945500902169 3.99455009021693
12,5           3749.116       2857.174       13.1321186144276 4.13211861442758
12,6           3750.116       2857.174       12.9847393923914 3.98473939239137
12,7           3751.116       2857.174       12.897863799711 3.89786379971099
12,8           3752.116       2857.174       12.8579972999981 3.85799729999806
12,9           3753.116       2857.174       12.8909121191945 3.89091211919452
12,10          3754.116       2857.174       12.9622494733329 3.96224947333295
12,11          3755.116       2857.174       13.0768780425243 4.07687804252431
12,12          3756.116       2857.174       13.2769564442213 4.27695644422129
12,13          3757.116       2857.174       13.585658774247 4.58565877424701
12,14          3758.116       2857.174       13.7068439130575 4.70684391305749
12,15          3759.116       2857.174       13.5622665152098 4.56226651520984
12,16          3760.116       2857.174       13.3789852009856 4.37898520098563
12,17          3761.116       2857.174       13.3128661214332 4.31286612143315
12,18          3762.116       2857.174       13.3034677785279 4.3034677785279
12,19          3763.116       2857.174       13.2843690144744 4.28436901447441
12,20          3764.116       2857.174       13.2909042174531 4.29090421745312
12,21          3765.116       2857.174       13.2954436678575 4.29544366785747
12,22          3766.116       2857.174       13.3336464786561 4.33364647865614
12,23          3767.116       2857.174       13.3743947478627 4.37439474786266
12,24          3768.116       2857.174       13.6258953069023 4.62589530690233
12,25          3769.116       2857.174       13.3915409577454 4.39154095774543
12,26          3770.116       2857.174       12.6870217847308 3.68702178473078
12,27          3771.116       2857.174       12.2925531747564 3.29255317475645
12,28          3772.116       2857.174       12.0084188996698 3.00841889966976
12,29          3773.116       2857.174       11.778203193438 2.77820319343804
12,30          3774.116       2857.174       11.5231629833721 2.52316298337208
12,31          3775.116       2857.174       11.3018048212561 2.30180482125611
12,32          3776.116       2857.174       11.1692357190649 2.16923571906485
12,33          3777.116       2857.174       11.1288075796277 2.12880757962772
12,34          3778.116       2857.174       11.1252181039088 2.12521810390881
12,35          3779.116       2857.174       11.0896206791796 2.08962067917958
12,36          3780.116       2857.174       11.0577369948304 2.05773699483037
12,37          3781.116       2857.174       11.0563882043211 2.05638820432113
12,38          3782.116       2857.174       11.0340676343626 2.03406763436265
12,39          3783.116       2857.174       10.9829341993622 1.98293419936223
12,40          3784.116       2857.174       10.8741948140685 1.87419481406849
12,41          3785.116       2857.174       10.836279425603 1.83627942560301
12,42          3786.116       2857.174       10.9665483745563 1.96654837455628
12,43          3787.116       2857.174       11.1305866740823 2.13058667408234
12,44          3788.116       2857.174       11.3736387434341 2.37363874343412
12,45          3789.116       2857.174       11.469887580908 2.46988758090802
12,46          3790.116       2857.174       11.356682492278 2.35668249227804
12,47          3791.116       2857.174       11.3092515923117 2.30925159231171
12,48          3792.116       2857.174       11.3433939587267 2.34339395872665
12,49          3793.116       2857.174       11.4230332333729 2.42303323337287
12,50          3794.116       2857.174       11.4503499527999 2.45034995279987
12,51          3795.116       2857.174       11.3619930384397 2.3619930384397
12,52          3796.116       2857.174       11.2494840351382 2.24948403513819
12,53          3797.116       2857.174       11.1518547462474 2.15185474624739
12,54          3798.116       2857.174       10.9960694694321 1.99606946943215
13,1           3745.116       2858.174       11.9615844076892 2.96158440768924
13,2           3746.116       2858.174       12.1721463502334 3.17214635023342
13,3           3747.116       2858.174       12.4413200989559 3.44132009895593
13,4           3748.116       2858.174       12.6436530676039 3.64365306760389
13,5           3749.116       2858.174       12.7140166533245 3.71401665332446
13,6           3750.116       2858.174       12.7024809885859 3.70248098858588
13,7           3751.116       2858.174       12.6987345415349 3.69873454153494
13,8           3752.116       2858.174       12.7637396317529 3.76373963175291
13,9           3753.116       2858.174       12.8537091627636 3.85370916276357
13,10          3754.116       2858.174       12.9020099755117 3.90200997551168
13,11          3755.116       2858.174       12.9604858569019 3.96048585690187
13,12          3756.116       2858.174       13.0641627642257 4.06416276422571
13,13          3757.116       2858.174       13.205407967121 4.20540796712105
13,14          3758.116       2858.174       13.2630423257234 4.26304232572338
13,15          3759.116       2858.174       13.2040134355329 4.20401343553294
13,16          3760.116       2858.174       13.1157255853501 4.11572558535006
13,17          3761.116       2858.174       13.0727566524033 4.07275665240326
13,18          3762.116       2858.174       13.0484664320006 4.04846643200059
13,19          3763.116       2858.174       13.0582615274119 4.05826152741193
13,20          3764.116       2858.174       13.0652818585336 4.06528185853356
13,21          3765.116       2858.174       13.0062030497451 4.00620304974505
13,22          3766.116       2858.174       13.0000385653188 4.00003856531877
13,23          3767.116       2858.174       12.998395576451 3.99839557645096
13,24          3768.116       2858.174       12.9021551508939 3.90215515089385
13,25          3769.116       2858.174       12.6934444325247 3.69344443252465
13,26          3770.116       2858.174       12.3994804749016 3.3994804749016
13,27          3771.116       2858.174       12.1207890658739 3.12078906587389
13,28          3772.116       2858.174       11.8806337021174 2.88063370211737
13,29          3773.116       2858.174       11.6803117769662 2.68031177696622
13,30          3774.116       2858.174       11.4166491335969 2.41664913359694
13,31          3775.116       2858.174       11.1299819120616 2.12998191206156
13,32          3776.116       2858.174       10.9042604902638 1.90426049026378
13,33          3777.116       2858.174       10.9240260522772 1.92402605227723
13,34          3778.116       2858.174       11.0379795623234 2.03797956232343
13,35          3779.116       2858.174       11.0584931997412 2.05849319974115
13,36          3780.116       2858.174       11.1009693740838 2.10096937408378
13,37          3781.116       2858.174       11.1094907981038 2.10949079810377
13,38          3782.116       2858.174       11.0749562708313 2.07495627083127
13,39          3783.116       2858.174       11.0259517522606 2.02595175226055
13,40          3784.116       2858.174       10.9308496093595 1.93084960935954
13,41          3785.116       2858.174       10.9031098517213 1.90310985172132
13,42          3786.116       2858.174       11.0372649563876 2.03726495638763
13,43          3787.116       2858.174       11.2095787044622 2.20957870446216
13,44          3788.116       2858.174       11.5058898879095 2.50588988790953
13,45          3789.116       2858.174       11.6119779786383 2.6119779786383
13,46          3790.116       2858.174       11.438417629412 2.43841762941204
13,47          3791.116       2858.174       11.3681313718388 2.36813137183879
13,48          3792.116       2858.174       11.4421208301439 2.44212083014386
13,49          3793.116       2858.174       11.7070718478144 2.70707184781441
13,50          3794.116       2858.174       11.7668901633506 2.76689016335063
13,51          3795.116       2858.174       11.5109334327593 2.51093343275934
13,52          3796.116       2858.174       11.3509917473198 2.35099174731976
13,53          3797.116       2858.174       11.2629279341743 2.26292793417432
13,54          3798.116       2858.174       11.1623222599016 2.16232225990161
14,1           3745.116       2859.174       11.733044891449 2.73304489144896
14,2           3746.116       2859.174       12.035958103449 3.03595810344896
14,3           3747.116       2859.174       12.3244989985997 3.32449899859965
14,4           3748.116       2859.174       12.4719140913895 3.47191409138953
14,5           3749.116       2859.174       12.520108982974 3.52010898297398
14,6           3750.116       2859.174       12.5372447779361 3.53724477793611
14,7           3751.116       2859.174       12.5655128418654 3.56551284186538
14,8           3752.116       2859.174       12.6422513695535 3.64225136955348
14,9           3753.116       2859.174       12.7601445579462 3.76014455794617
14,10          3754.116       2859.174       12.8168394127889 3.81683941278887
14,11          3755.116       2859.174       12.8462483582763 3.8462483582763
14,12          3756.116       2859.174       12.9003328439238 3.90033284392382
14,13          3757.116       2859.174       12.9471806011036 3.94718060110362
14,14          3758.116       2859.174       12.9631633003936 3.96316330039364
14,15          3759.116       2859.174       12.9409599722058 3.94095997220581
14,16          3760.116       2859.174       12.8959291557567 3.89592915575672
14,17          3761.116       2859.174       12.8519283553518 3.8519283553518
14,18          3762.116       2859.174       12.8435559322159 3.84355593221589
14,19          3763.116       2859.174       12.8737171439964 3.87371714399637
14,20          3764.116       2859.174       12.8426466568793 3.84264665687932
14,21          3765.116       2859.174       12.741051474775 3.74105147477498
14,22          3766.116       2859.174       12.6923395746489 3.69233957464885
14,23          3767.116       2859.174       12.6545163522956 3.65451635229557
14,24          3768.116       2859.174       12.5582042574712 3.55820425747119
14,25          3769.116       2859.174       12.3983592397433 3.39835923974332
14,26          3770.116       2859.174       12.1791099116439 3.17910991164391
14,27          3771.116       2859.174       11.9550805705768 2.95508057057679
14,28          3772.116       2859.174       11.7639047885848 2.76390478858479
14,29          3773.116       2859.174       11.5904251638732 2.59042516387324
14,30          3774.116       2859.174       11.3154966015983 2.31549660159831
14,31          3775.116       2859.174       10.9186507108006 1.9186507108006
14,32          3776.116       2859.174       10.6908486169676 1.69084861696759
14,33          3777.116       2859.174       10.8359993559471 1.83599935594709
14,34          3778.116       2859.174       10.9979109743334 1.9979109743334
14,35          3779.116       2859.174       11.0394521165479 2.0394521165479
14,36          3780.116       2859.174       11.0811437997956 2.08114379979555
14,37          3781.116       2859.174       11.0980645214871 2.09806452148713
14,38          3782.116       2859.174       11.0986160229509 2.09861602295093
14,39          3783.116       2859.174       11.0942405787792 2.09424057877922
14,40          3784.116       2859.174       11.0752522728571 2.07525227285707
14,41          3785.116       2859.174       11.0567100967016 2.05671009670165
14,42          3786.116       2859.174       11.1252878962909 2.12528789629093
14,43          3787.116       2859.174       11.2438839182028 2.24388391820277
14,44          3788.116       2859.174       11.3959149130506 2.39591491305063
14,45          3789.116       2859.174       11.4604223572689 2.46042235726887
14,46          3790.116       2859.174       11.3938090820504 2.39380908205041
14,47          3791.116       2859.174       11.3687956535609 2.36879565356091
14,48          3792.116       2859.174       11.4694808730806 2.46948087308055
14,49          3793.116       2859.174       11.7438995680286 2.74389956802858
14,50          3794.116       2859.174       11.8028618709249 2.80286187092493
14,51          3795.116       2859.174       11.5711125394806 2.57111253948061
14,52          3796.116       2859.174       11.4162230863509 2.41622308635087
14,53          3797.116       2859.174       11.3227922423387 2.32279224233868
14,54          3798.116       2859.174       11.2472202615063 2.24722026150625
14,55          3799.116       2859.174       11.189532932965 2.18953293296497
15,2           3746.116       2860.174       11.9515931421716 2.95159314217161
15,3           3747.116       2860.174       12.2246598149518 3.22465981495175
15,4           3748.116       2860.174       12.357933584559 3.35793358455901
15,5           3749.116       2860.174       12.3794496964162 3.37944969641624
15,6           3750.116       2860.174       12.4133898857698 3.41338988576977
15,7           3751.116       2860.174       12.4521772342351 3.45217723423505
15,8           3752.116       2860.174       12.4889425151802 3.48894251518017
15,9           3753.116       2860.174       12.614504985751 3.61450498575105
15,10          3754.116       2860.174       12.7030935741521 3.70309357415209
15,11          3755.116       2860.174       12.7295456555494 3.72954565554937
15,12          3756.116       2860.174       12.7747572247815 3.77475722478153
15,13          3757.116       2860.174       12.7581285408661 3.75812854086612
15,14          3758.116       2860.174       12.7412618695958 3.74126186959585
15,15          3759.116       2860.174       12.7498439932677 3.74984399326769
15,16          3760.116       2860.174       12.7222252377168 3.72222523771681
15,17          3761.116       2860.174       12.674348480308 3.67434848030802
15,18          3762.116       2860.174       12.6655315704031 3.66553157040314
15,19          3763.116       2860.174       12.683382356773 3.68338235677298
15,20          3764.116       2860.174       12.6323066185294 3.63230661852941
15,21          3765.116       2860.174       12.5158760839019 3.51587608390187
15,22          3766.116       2860.174       12.4281812773067 3.4281812773067
15,23          3767.116       2860.174       12.41459031656 3.41459031656003
15,24          3768.116       2860.174       12.3675772509551 3.36757725095514
15,25          3769.116       2860.174       12.2164139371019 3.21641393710193
15,26          3770.116       2860.174       12.0172556331698 3.01725563316982
15,27          3771.116       2860.174       11.8170655776628 2.81706557766283
15,28          3772.116       2860.174       11.666409823868 2.66640982386802
15,29          3773.116       2860.174       11.4925358244965 2.4925358244965
15,30          3774.116       2860.174       11.2458201969507 2.24582019695069
15,31          3775.116       2860.174       10.9331293158977 1.93312931589765
15,32          3776.116       2860.174       10.815001891614 1.81500189161399
15,33          3777.116       2860.174       10.9478204416542 1.94782044165424
15,34          3778.116       2860.174       11.003394079843 2.00339407984296
15,35          3779.116       2860.174       10.9997381467248 1.99973814672479
15,36          3780.116       2860.174       10.9915810444854 1.99158104448538
15,37          3781.116       2860.174       11.022642274393 2.022642274393
15,38          3782.116       2860.174       11.0916856084696 2.09168560846965
15,39          3783.116       2860.174       11.1472422344709 2.14724223447085
15,40          3784.116       2860.174       11.1670464728015 2.16704647280154
15,41          3785.116       2860.174       11.1762521334299 2.17625213342988
15,42          3786.116       2860.174       11.2284247020665 2.22842470206652
15,43          3787.116       2860.174       11.2770278939023 2.27702789390227
15,44          3788.116       2860.174       11.3173751850414 2.31737518504144
15,45          3789.116       2860.174       11.3408978570486 2.34089785704862
15,46          3790.116       2860.174       11.3446669109521 2.34466691095211
15,47          3791.116       2860.174       11.3594386601725 2.35943866017251
15,48          3792.116       2860.174       11.4380546604703 2.43805466047034
15,49          3793.116       2860.174       11.562043917135 2.56204391713501
15,50          3794.116       2860.174       11.6137119672227 2.61371196722267
15,51          3795.116       2860.174       11.5621420030555 2.56214200305554
15,52          3796.116       2860.174       11.4672412021122 2.46724120211218
15,53          3797.116       2860.174       11.3647734905614 2.36477349056144
15,54          3798.116       2860.174       11.2763905431512 2.27639054315115
15,55          3799.116       2860.174       11.2286396045131 2.22863960451311
16,3           3747.116       2861.174       12.1422719459911 3.14227194599112
16,4           3748.116       2861.174       12.2547492055672 3.25474920556721
16,5           3749.116       2861.174       12.2366971875679 3.23669718756795
16,6           3750.116       2861.174       12.2348792869715 3.23487928697153
16,7           3751.116       2861.174       12.2773947636742 3.27739476367416
16,8           3752.116       2861.174       12.3265423300319 3.32654233003194
16,9           3753.116       2861.174       12.4699829709626 3.46998297096263
16,10          3754.116       2861.174       12.5836982910384 3.58369829103842
16,11          3755.116       2861.174       12.5992346163914 3.59923461639145
16,12          3756.116       2861.174       12.62390585163 3.62390585163005
16,13          3757.116       2861.174       12.6028971824319 3.60289718243194
16,14          3758.116       2861.174       12.6012445224512 3.60124452245124
16,15          3759.116       2861.174       12.6153953141643 3.61539531416429
16,16          3760.116       2861.174       12.5523813297168 3.55238132971676
16,17          3761.116       2861.174       12.4841579334732 3.48415793347316
16,18          3762.116       2861.174       12.4776999048529 3.47769990485289
16,19          3763.116       2861.174       12.4780277043575 3.47802770435752
16,20          3764.116       2861.174       12.4178692979917 3.41786929799166
16,21          3765.116       2861.174       12.3077287315645 3.30772873156452
16,22          3766.116       2861.174       12.2213991219662 3.22139912196617
16,23          3767.116       2861.174       12.2150325683748 3.21503256837476
16,24          3768.116       2861.174       12.2014041839564 3.20140418395638
16,25          3769.116       2861.174       12.0567262655646 3.05672626556462
16,26          3770.116       2861.174       11.855842235138 2.85584223513804
16,27          3771.116       2861.174       11.689429088328 2.68942908832803
16,28          3772.116       2861.174       11.5655607636341 2.56556076363411
16,29          3773.116       2861.174       11.4021249265998 2.40212492659983
16,30          3774.116       2861.174       11.2315939860248 2.23159398602482
16,31          3775.116       2861.174       11.1050484030463 2.10504840304633
16,32          3776.116       2861.174       11.0279425970754 2.02794259707543
16,33          3777.116       2861.174       11.0166391775105 2.01663917751051
16,34          3778.116       2861.174       11.0165491300493 2.01654913004929
16,35          3779.116       2861.174       10.9769755806345 1.97697558063451
16,36          3780.116       2861.174       10.8950296335228 1.89502963352282
16,37          3781.116       2861.174       10.9426582714456 1.94265827144558
16,38          3782.116       2861.174       11.0948867162351 2.09488671623507
16,39          3783.116       2861.174       11.1902953159196 2.1902953159196
16,40          3784.116       2861.174       11.2621360953308 2.26213609533083
16,41          3785.116       2861.174       11.3825537469571 2.38255374695713
16,42          3786.116       2861.174       11.3996733184577 2.39967331845772
16,43          3787.116       2861.174       11.3277828244357 2.32778282443566
16,44          3788.116       2861.174       11.322442582845 2.32244258284496
16,45          3789.116       2861.174       11.3256840366002 2.3256840366002
16,46          3790.116       2861.174       11.3337654950496 2.33376549504962
16,47          3791.116       2861.174       11.3533990143193 2.35339901431932
16,48          3792.116       2861.174       11.4080559778678 2.40805597786776
16,49          3793.116       2861.174       11.5260908434914 2.52609084349144
16,50          3794.116       2861.174       11.6347178451303 2.63471784513032
16,51          3795.116       2861.174       11.6389047078008 2.63890470780081
16,52          3796.116       2861.174       11.5466913698523 2.54669136985225
16,53          3797.116       2861.174       11.4192883227029 2.41928832270286
16,54          3798.116       2861.174       11.2953258861073 2.29532588610729
16,55          3799.116       2861.174       11.2130813028746 2.21308130287462
17,5           3749.116       2862.174       12.085756714198 3.08575671419799
17,6           3750.116       2862.174       12.0130791896478 3.01307918964778
17,7           3751.116       2862.174       12.0487204955987 3.04872049559869
17,8           3752.116       2862.174       12.1588354325753 3.15883543257526
17,9           3753.116       2862.174       12.321881467879 3.32188146787901
17,10          3754.116       2862.174       12.4586196003888 3.45861960038884
17,11          3755.116       2862.174       12.4811338245713 3.48113382457127
17,12          3756.116       2862.174       12.4704031652731 3.47040316527306
17,13          3757.116       2862.174       12.4596263492059 3.45962634920595
17,14          3758.116       2862.174       12.4983629302793 3.4983629302793
17,15          3759.116       2862.174       12.5329342426902 3.53293424269022
17,16          3760.116       2862.174       12.4216514647334 3.42165146473337
17,17          3761.116       2862.174       12.3247393026168 3.32473930261682
17,18          3762.116       2862.174       12.3186277953706 3.31862779537064
17,19          3763.116       2862.174       12.2847615384367 3.2847615384367
17,20          3764.116       2862.174       12.1799967574238 3.17999675742377
17,21          3765.116       2862.174       12.0804671972733 3.08046719727327
17,22          3766.116       2862.174       12.0333403673242 3.03334036732421
17,23          3767.116       2862.174       12.0107331044889 3.01073310448894
17,24          3768.116       2862.174       11.9763299006671 2.97632990066712
17,25          3769.116       2862.174       11.8237530369108 2.82375303691085
17,26          3770.116       2862.174       11.625597928564 2.62559792856404
17,27          3771.116       2862.174       11.5049401800012 2.50494018000121
17,28          3772.116       2862.174       11.449970448187 2.44997044818697
17,29          3773.116       2862.174       11.3495982745234 2.34959827452341
17,30          3774.116       2862.174       11.237222650046 2.23722265004601
17,31          3775.116       2862.174       11.1442234627564 2.14422346275636
17,32          3776.116       2862.174       11.077229597737 2.07722959773697
17,33          3777.116       2862.174       11.0279981524693 2.02799815246929
17,34          3778.116       2862.174       11.0145817774673 2.0145817774673
17,35          3779.116       2862.174       11.0156328460761 2.0156328460761
17,36          3780.116       2862.174       10.9609814210992 1.96098142109917
17,37          3781.116       2862.174       11.0085409700074 2.00854097000739
17,38          3782.116       2862.174       11.1527496362957 2.1527496362957
17,39          3783.116       2862.174       11.2342701625415 2.23427016254149
17,40          3784.116       2862.174       11.3221677634404 2.32216776344036
17,41          3785.116       2862.174       11.4870046104098 2.48700461040977
17,42          3786.116       2862.174       11.4999208700685 2.49992087006851
17,43          3787.116       2862.174       11.3951124541496 2.39511245414963
17,44          3788.116       2862.174       11.3598943047139 2.35989430471395
17,45          3789.116       2862.174       11.3410249555899 2.34102495558989
17,46          3790.116       2862.174       11.335841168089 2.33584116808901
17,47          3791.116       2862.174       11.3499865126095 2.34998651260946
17,48          3792.116       2862.174       11.4107547507981 2.41075475079813
17,49          3793.116       2862.174       11.5483352817635 2.54833528176354
17,50          3794.116       2862.174       11.7615008781555 2.76150087815551
17,51          3795.116       2862.174       11.8384845529392 2.8384845529392
17,52          3796.116       2862.174       11.6584683049408 2.65846830494079
17,53          3797.116       2862.174       11.4479711543331 2.44797115433307
17,54          3798.116       2862.174       11.2868604944951 2.28686049449511
17,55          3799.116       2862.174       11.1580326520757 2.15803265207566
18,6           3750.116       2863.174       11.7330908207152 2.73309082071523
18,7           3751.116       2863.174       11.6745237028646 2.67452370286462
18,8           3752.116       2863.174       11.8885031228074 2.88850312280742
18,9           3753.116       2863.174       12.1388018722585 3.13880187225845
18,10          3754.116       2863.174       12.3108839888853 3.31088398888527
18,11          3755.116       2863.174       12.3807125333715 3.38071253337151
18,12          3756.116       2863.174       12.3596555024178 3.35965550241782
18,13          3757.116       2863.174       12.3410155413537 3.34101554135368
18,14          3758.116       2863.174       12.3444344744586 3.3444344744586
18,15          3759.116       2863.174       12.3609458860767 3.36094588607667
18,16          3760.116       2863.174       12.2899349100701 3.28993491007012
18,17          3761.116       2863.174       12.2059433752184 3.2059433752184
18,18          3762.116       2863.174       12.1551741617065 3.15517416170654
18,19          3763.116       2863.174       12.039159310334 3.03915931033398
18,20          3764.116       2863.174       11.8738340891461 2.87383408914608
18,21          3765.116       2863.174       11.8037682947133 2.80376829471333
18,22          3766.116       2863.174       11.8178989496785 2.81789894967852
18,23          3767.116       2863.174       11.8095706214339 2.80957062143389
18,24          3768.116       2863.174       11.7530558788846 2.75305587888458
18,25          3769.116       2863.174       11.5538933979927 2.55389339799274
18,26          3770.116       2863.174       11.1883308264924 2.18833082649243
18,27          3771.116       2863.174       11.151656264697 2.15165626469696
18,28          3772.116       2863.174       11.3226496771903 2.32264967719032
18,29          3773.116       2863.174       11.2768087449596 2.27680874495957
18,30          3774.116       2863.174       11.2046213377694 2.20462133776939
18,31          3775.116       2863.174       11.1045132703597 2.10451327035966
18,32          3776.116       2863.174       11.0034266698323 2.00342666983229
18,33          3777.116       2863.174       10.967182704901 1.96718270490102
18,34          3778.116       2863.174       11.009498731031 2.00949873103101
18,35          3779.116       2863.174       11.0789864662972 2.07898646629716
18,36          3780.116       2863.174       11.1049352542987 2.10493525429874
18,37          3781.116       2863.174       11.1533724797149 2.1533724797149
18,38          3782.116       2863.174       11.2315927130323 2.23159271303227
18,39          3783.116       2863.174       11.2550149653361 2.2550149653361
18,40          3784.116       2863.174       11.3024828205879 2.30248282058789
18,41          3785.116       2863.174       11.4268073589202 2.42680735892024
18,42          3786.116       2863.174       11.539410282089 2.53941028208897
18,43          3787.116       2863.174       11.5066892765204 2.50668927652035
18,44          3788.116       2863.174       11.4096422825241 2.4096422825241
18,45          3789.116       2863.174       11.3624572458067 2.36245724580666
18,46          3790.116       2863.174       11.3419558004768 2.34195580047684
18,47          3791.116       2863.174       11.3578096603892 2.35780966038923
18,48          3792.116       2863.174       11.4253887896063 2.42538878960626
18,49          3793.116       2863.174       11.5451452993467 2.54514529934669
18,50          3794.116       2863.174       11.7845998247977 2.78459982479774
18,51          3795.116       2863.174       11.8892558369466 2.88925583694661
18,52          3796.116       2863.174       11.6655755498791 2.6655755498791
18,53          3797.116       2863.174       11.4096960480727 2.40969604807268
18,54          3798.116       2863.174       11.195424680819 2.19542468081897
18,55          3799.116       2863.174       11.0243243036861 2.02432430368609
19,7           3751.116       2864.174       11.3958973823589 2.39589738235889
19,8           3752.116       2864.174       11.6484327018139 2.64843270181395
19,9           3753.116       2864.174       11.9852162663528 2.98521626635275
19,10          3754.116       2864.174       12.1645080723535 3.16450807235354
19,11          3755.116       2864.174       12.2484422059135 3.24844220591348
19,12          3756.116       2864.174       12.2487352790288 3.24873527902884
19,13          3757.116       2864.174       12.1712722185942 3.17127221859417
19,14          3758.116       2864.174       12.0696876485142 3.06968764851419
19,15          3759.116       2864.174       12.0660809496377 3.0660809496377
19,16          3760.116       2864.174       12.0962170375456 3.09621703754559
19,17          3761.116       2864.174       12.0491161284453 3.04911612844526
19,18          3762.116       2864.174       11.9576962595141 2.95769625951414
19,19          3763.116       2864.174       11.7391241304228 2.73912413042284
19,20          3764.116       2864.174       11.4632660607962 2.4632660607962
19,21          3765.116       2864.174       11.4461826196897 2.44618261968971
19,22          3766.116       2864.174       11.5849215365464 2.58492153654643
19,23          3767.116       2864.174       11.6302820567029 2.63028205670291
19,24          3768.116       2864.174       11.5925953040564 2.59259530405641
19,25          3769.116       2864.174       11.4323780515295 2.43237805152952
19,26          3770.116       2864.174       11.0969764289458 2.09697642894576
19,27          3771.116       2864.174       11.0616253548075 2.06162535480746
19,28          3772.116       2864.174       11.2345293025857 2.23452930258565
19,29          3773.116       2864.174       11.2051751211485 2.20517512114845
19,30          3774.116       2864.174       11.1457766473629 2.14577664736289
19,31          3775.116       2864.174       11.0289854102913 2.02898541029125
19,32          3776.116       2864.174       10.7197581231295 1.71975812312946
19,33          3777.116       2864.174       10.6876361216194 1.68763612161939
19,34          3778.116       2864.174       10.9675128114262 1.96751281142624
19,35          3779.116       2864.174       11.0944920186744 2.09449201867438
19,36          3780.116       2864.174       11.1795925826039 2.17959258260392
19,37          3781.116       2864.174       11.306979238717 2.30697923871697
19,38          3782.116       2864.174       11.3674874483486 2.3674874483486
19,39          3783.116       2864.174       11.2909760487787 2.2909760487787
19,40          3784.116       2864.174       11.2703098488077 2.27030984880768
19,41          3785.116       2864.174       11.3672904515376 2.36729045153757
19,42          3786.116       2864.174       11.5152536056146 2.51525360561455
19,43          3787.116       2864.174       11.573645264375 2.57364526437502
19,44          3788.116       2864.174       11.5008423844942 2.50084238449419
19,45          3789.116       2864.174       11.3998865983237 2.39988659832368
19,46          3790.116       2864.174       11.3525054482336 2.35250544823356
19,47          3791.116       2864.174       11.3972141798097 2.39721417980971
19,48          3792.116       2864.174       11.4581595731896 2.45815957318957
19,49          3793.116       2864.174       11.4948384692697 2.49483846926972
19,50          3794.116       2864.174       11.5882534186362 2.58825341863622
19,51          3795.116       2864.174       11.6272654907488 2.62726549074879
19,52          3796.116       2864.174       11.499166516143 2.49916651614301
19,53          3797.116       2864.174       11.3036078730157 2.30360787301567
19,54          3798.116       2864.174       11.0393691772728 2.03936917727278
19,55          3799.116       2864.174       10.776450459283 1.77645045928299
20,10          3754.116       2865.174       12.0534122970804 3.05341229708041
20,11          3755.116       2865.174       12.0785831316207 3.07858313162072
20,12          3756.116       2865.174       12.1110713541553 3.11107135415532
20,13          3757.116       2865.174       11.9524414724272 2.95244147242724
20,14          3758.116       2865.174       11.5410533803436 2.54105338034357
20,15          3759.116       2865.174       11.5488377941823 2.54883779418233
20,16          3760.116       2865.174       11.8817032107269 2.88170321072689
20,17          3761.116       2865.174       11.9105140876503 2.91051408765034
20,18          3762.116       2865.174       11.8081418040135 2.80814180401354
20,19          3763.116       2865.174       11.5569312674162 2.55693126741619
20,20          3764.116       2865.174       11.234602795653 2.23460279565298
20,21          3765.116       2865.174       11.170159589572 2.17015958957202
20,22          3766.116       2865.174       11.3573002167949 2.35730021679492
20,23          3767.116       2865.174       11.4962039965099 2.49620399650986
20,24          3768.116       2865.174       11.5076175431902 2.50761754319019
20,25          3769.116       2865.174       11.439498584154 2.43949858415402
20,26          3770.116       2865.174       11.3325197462311 2.33251974623107
20,27          3771.116       2865.174       11.2424668151335 2.24246681513348
20,28          3772.116       2865.174       11.2205092603422 2.22050926034224
20,29          3773.116       2865.174       11.193721491227 2.19372149122704
20,30          3774.116       2865.174       11.1269779635367 2.12697796353669
20,31          3775.116       2865.174       10.9913713914268 1.9913713914268
20,32          3776.116       2865.174       10.6697759443377 1.6697759443377
20,33          3777.116       2865.174       10.6508093455793 1.65080934557932
20,34          3778.116       2865.174       10.9127747861404 1.91277478614038
20,35          3779.116       2865.174       11.0526170094746 2.05261700947456
20,36          3780.116       2865.174       11.2184913502748 2.21849135027478
20,37          3781.116       2865.174       11.4908931319773 2.49089313197732
20,38          3782.116       2865.174       11.5428051579623 2.54280515796225
20,39          3783.116       2865.174       11.3244312909599 2.32443129095989
20,40          3784.116       2865.174       11.2405662262668 2.24056622626679
20,41          3785.116       2865.174       11.2881663510033 2.28816635100329
20,42          3786.116       2865.174       11.3968114730357 2.39681147303572
20,43          3787.116       2865.174       11.6291038467386 2.62910384673858
20,44          3788.116       2865.174       11.6572912419569 2.65729124195687
20,45          3789.116       2865.174       11.4241554177425 2.42415541774247
20,46          3790.116       2865.174       11.3344638466213 2.33446384662127
20,47          3791.116       2865.174       11.4373624516427 2.43736245164273
20,48          3792.116       2865.174       11.5043946245918 2.5043946245918
20,49          3793.116       2865.174       11.4185595459383 2.41855954593832
20,50          3794.116       2865.174       11.3646199453801 2.36461994538013
20,51          3795.116       2865.174       11.3500218751295 2.35002187512948
20,52          3796.116       2865.174       11.2988094644587 2.29880946445873
20,53          3797.116       2865.174       11.1812251893215 2.18122518932146
20,54          3798.116       2865.174       10.9631439104706 1.96314391047064
21,13          3757.116       2866.174       11.8360102764241 2.83601027642407
21,14          3758.116       2866.174       11.4058469167389 2.40584691673891
21,15          3759.116       2866.174       11.4085653561041 2.40856535610409
21,16          3760.116       2866.174       11.7965152928773 2.7965152928773
21,17          3761.116       2866.174       11.842423495882 2.84242349588195
21,18          3762.116       2866.174       11.7295723436414 2.72957234364135
21,19          3763.116       2866.174       11.5242959067659 2.52429590676592
21,20          3764.116       2866.174       11.271805106543 2.27180510654302
21,21          3765.116       2866.174       11.1358902399845 2.1358902399845
21,22          3766.116       2866.174       11.2470874545399 2.24708745453991
21,23          3767.116       2866.174       11.4237176461704 2.42371764617039
21,24          3768.116       2866.174       11.467556273265 2.46755627326498
21,25          3769.116       2866.174       11.4414954857558 2.44149548575579
21,26          3770.116       2866.174       11.3532642794896 2.3532642794896
21,27          3771.116       2866.174       11.2575867503817 2.25758675038166
21,28          3772.116       2866.174       11.2245695361741 2.22456953617407
21,29          3773.116       2866.174       11.1958147595001 2.19581475950007
21,30          3774.116       2866.174       11.1118407046025 2.11184070460248
21,31          3775.116       2866.174       10.9951155943631 1.99511559436313
21,32          3776.116       2866.174       10.9121423398279 1.91214233982788
21,33          3777.116       2866.174       10.8743305634962 1.87433056349621
21,34          3778.116       2866.174       10.8914875299796 1.89148752997965
21,35          3779.116       2866.174       11.0148096897121 2.01480968971208
21,36          3780.116       2866.174       11.1654385983129 2.16543859831294
21,37          3781.116       2866.174       11.3694337433978 2.36943374339777
21,38          3782.116       2866.174       11.4109478336044 2.41094783360445
21,39          3783.116       2866.174       11.2393318603315 2.23933186033153
21,40          3784.116       2866.174       11.1768560703536 2.17685607035356
21,41          3785.116       2866.174       11.2077015277107 2.20770152771069
21,42          3786.116       2866.174       11.2903739990846 2.29037399908459
21,43          3787.116       2866.174       11.4962819117737 2.49628191177365
21,44          3788.116       2866.174       11.5264771283847 2.52647712838467
21,45          3789.116       2866.174       11.3219085218605 2.32190852186053
21,46          3790.116       2866.174       11.2314331114446 2.23143311144456
21,47          3791.116       2866.174       11.3045633815702 2.30456338157025
21,48          3792.116       2866.174       11.3456082166217 2.34560821662173
21,49          3793.116       2866.174       11.2553405194013 2.25534051940125
21,50          3794.116       2866.174       11.186027808366 2.18602780836599
21,51          3795.116       2866.174       11.151780784517 2.15178078451699
21,52          3796.116       2866.174       11.1201866965054 2.12018669650539
21,53          3797.116       2866.174       11.065268658272 2.06526865827201
22,16          3760.116       2867.174       11.8809248750013 2.8809248750013
22,17          3761.116       2867.174       11.8449116818622 2.84491168186219
22,18          3762.116       2867.174       11.7207489207826 2.7207489207826
22,19          3763.116       2867.174       11.5523446282099 2.55234462820985
22,20          3764.116       2867.174       11.3635506065163 2.36355060651632
22,21          3765.116       2867.174       11.2670013993849 2.26700139938486
22,22          3766.116       2867.174       11.3082633742097 2.3082633742097
22,23          3767.116       2867.174       11.4024659232216 2.40246592322155
22,24          3768.116       2867.174       11.4351824049233 2.43518240492327
22,25          3769.116       2867.174       11.3812346306176 2.38123463061755
22,26          3770.116       2867.174       11.2746829055596 2.27468290555956
22,27          3771.116       2867.174       11.2284791484962 2.22847914849618
22,28          3772.116       2867.174       11.221708846937 2.22170884693704
22,29          3773.116       2867.174       11.161920215021 2.16192021502101
22,30          3774.116       2867.174       11.05551891982 2.05551891982001
22,31          3775.116       2867.174       11.0028050206666 2.00280502066661
22,32          3776.116       2867.174       10.9789197909221 1.97891979092213
22,33          3777.116       2867.174       10.8972117728538 1.89721177285376
22,34          3778.116       2867.174       10.8690821285199 1.86908212851993
22,35          3779.116       2867.174       10.934294188102 1.93429418810204
22,36          3780.116       2867.174       11.0213768720438 2.02137687204377
22,37          3781.116       2867.174       11.086666999219 2.086666999219
22,38          3782.116       2867.174       11.1196574425381 2.1196574425381
22,39          3783.116       2867.174       11.1002027435416 2.10020274354165
22,40          3784.116       2867.174       11.0787245787797 2.07872457877972
22,41          3785.116       2867.174       11.102019122131 2.10201912213099
22,42          3786.116       2867.174       11.1482460851819 2.14824608518185
22,43          3787.116       2867.174       11.1957567003548 2.1957567003548
22,44          3788.116       2867.174       11.1850578884408 2.18505788844084
22,45          3789.116       2867.174       11.1134267294087 2.11342672940869
22,46          3790.116       2867.174       11.0556925037731 2.05569250377314
22,47          3791.116       2867.174       11.0533391600065 2.05333916000647
22,48          3792.116       2867.174       11.0479503108503 2.04795031085031
22,49          3793.116       2867.174       11.0182344205985 2.01823442059848
22,50          3794.116       2867.174       10.9772183399249 1.97721833992489
22,51          3795.116       2867.174       10.9363898779691 1.93638987796907
22,52          3796.116       2867.174       10.9213270395501 1.92132703955014
22,53          3797.116       2867.174       10.9330655408511 1.93306554085106
23,19          3763.116       2868.174       11.5899591150473 2.58995911504732
23,20          3764.116       2868.174       11.4470499427968 2.44704994279683
23,21          3765.116       2868.174       11.3950662592879 2.39506625928792
23,22          3766.116       2868.174       11.3865026076338 2.38650260763377
23,23          3767.116       2868.174       11.3982907771538 2.39829077715378
23,24          3768.116       2868.174       11.3518307808432 2.35183078084316
23,25          3769.116       2868.174       11.2334536589718 2.23345365897177
23,26          3770.116       2868.174       11.1711050112927 2.17110501129273
23,27          3771.116       2868.174       11.1531974475125 2.15319744751246
23,28          3772.116       2868.174       11.1388979989223 2.13889799892229
23,29          3773.116       2868.174       11.1003894684735 2.10038946847347
23,30          3774.116       2868.174       11.0289550266109 2.02895502661087
23,31          3775.116       2868.174       10.969148944311 1.969148944311
23,32          3776.116       2868.174       10.9206638177223 1.92066381772229
23,33          3777.116       2868.174       10.830024948792 1.83002494879199
23,34          3778.116       2868.174       10.7426526557967 1.7426526557967
23,35          3779.116       2868.174       10.7483506033554 1.74835060335543
23,36          3780.116       2868.174       10.826462790822 1.82646279082199
23,37          3781.116       2868.174       10.9239044434941 1.92390444349414
23,38          3782.116       2868.174       10.9772348174028 1.97723481740279
23,39          3783.116       2868.174       10.9777469008117 1.97774690081171
23,40          3784.116       2868.174       10.961767082112 1.96176708211202
23,41          3785.116       2868.174       10.9617159902082 1.96171599020817
23,42          3786.116       2868.174       10.9860352105852 1.98603521058516
23,43          3787.116       2868.174       11.0116273817343 2.01162738173427
23,44          3788.116       2868.174       10.9886148774166 1.98861487741657
23,45          3789.116       2868.174       10.908535647574 1.90853564757403
23,46          3790.116       2868.174       10.8293686976828 1.82936869768277
23,47          3791.116       2868.174       10.8146182417754 1.81461824177545
23,48          3792.116       2868.174       10.7999785839492 1.79997858394924
23,49          3793.116       2868.174       10.7645806714093 1.76458067140926
23,50          3794.116       2868.174       10.7422320005976 1.74223200059759
23,51          3795.116       2868.174       10.6561956640577 1.65619566405768
23,52          3796.116       2868.174       10.6285116927454 1.62851169274541
24,22          3766.116       2869.174       11.3774604849877 2.37746048498769
24,23          3767.116       2869.174       11.3049630903933 2.30496309039328
24,24          3768.116       2869.174       11.2053650553043 2.20536505530431
24,25          3769.116       2869.174       11.0671138188974 2.06711381889739
24,26          3770.116       2869.174       11.0044716364933 2.00447163649329
24,27          3771.116       2869.174       11.0085277214446 2.00852772144461
24,28          3772.116       2869.174       11.0479260872197 2.0479260872197
24,29          3773.116       2869.174       11.0302016664473 2.03020166644734
24,30          3774.116       2869.174       10.9590496021348 1.95904960213476
24,31          3775.116       2869.174       10.8506841892901 1.85068418929013
24,32          3776.116       2869.174       10.7644555687155 1.76445556871547
24,33          3777.116       2869.174       10.6936505984486 1.69365059844857
24,34          3778.116       2869.174       10.5060055011025 1.50600550110247
24,35          3779.116       2869.174       10.4091100207911 1.40911002079112
24,36          3780.116       2869.174       10.5633790265293 1.56337902652933
24,37          3781.116       2869.174       10.7700735766063 1.77007357660629
24,38          3782.116       2869.174       10.8643487298967 1.86434872989672
24,39          3783.116       2869.174       10.8801386351533 1.88013863515333
24,40          3784.116       2869.174       10.8501517377705 1.85015173777049
24,41          3785.116       2869.174       10.7903476389756 1.79034763897562
24,42          3786.116       2869.174       10.7861748604407 1.78617486044068
24,43          3787.116       2869.174       10.8457904591913 1.84579045919125
24,44          3788.116       2869.174       10.8553592257802 1.85535922578025
24,45          3789.116       2869.174       10.7669669614017 1.76696696140167
24,46          3790.116       2869.174       10.6522602516271 1.65226025162709
24,47          3791.116       2869.174       10.6146140078384 1.61461400783843
24,48          3792.116       2869.174       10.5206819640101 1.52068196401006
24,49          3793.116       2869.174       10.435945440073 1.43594544007295
24,50          3794.116       2869.174       10.5121854243831 1.51218542438312
24,51          3795.116       2869.174       10.4970037066776 1.49700370667756
25,25          3769.116       2870.174       10.7684672054288 1.76846720542877
25,26          3770.116       2870.174       10.6996677974838 1.69966779748383
25,27          3771.116       2870.174       10.8604461327844 1.8604461327844
25,28          3772.116       2870.174       10.9525096853282 1.95250968532821
25,29          3773.116       2870.174       10.9155170684395 1.91551706843946
25,30          3774.116       2870.174       10.8176981396211 1.81769813962113
25,31          3775.116       2870.174       10.7437387487397 1.74373874873967
25,32          3776.116       2870.174       10.6659656152307 1.66596561523068
25,33          3777.116       2870.174       10.5724566882437 1.57245668824373
25,34          3778.116       2870.174       10.3718118772859 1.37181187728586
25,35          3779.116       2870.174       10.2528575820155 1.25285758201549
25,36          3780.116       2870.174       10.4339735508183 1.43397355081827
25,37          3781.116       2870.174       10.6708551008813 1.67085510088131
25,38          3782.116       2870.174       10.7643943796464 1.76439437964639
25,39          3783.116       2870.174       10.8000121984164 1.80001219841642
25,40          3784.116       2870.174       10.7541939250459 1.75419392504591
25,41          3785.116       2870.174       10.5395087987092 1.53950879870921
25,42          3786.116       2870.174       10.4917987437618 1.49179874376183
25,43          3787.116       2870.174       10.6869121296184 1.68691212961835
25,44          3788.116       2870.174       10.7823538127392 1.78235381273917
25,45          3789.116       2870.174       10.7466208915929 1.7466208915929
25,46          3790.116       2870.174       10.6518161852428 1.65181618524285
25,47          3791.116       2870.174       10.5670073600036 1.5670073600036
25,48          3792.116       2870.174       10.3723384265518 1.37233842655182
                                                                          
